
Distance Matrix Between All Sequences in Fasta File:

      	51780  	168358 	155492 	183298 	208240 	295101 	250160 	303155 	205559 	216880 	191356 	173550 	129428 	61857  	122680 	164714 
51780 	0.00000	0.28115	0.26807	0.34566	0.29981	0.35425	0.28707	0.33418	0.29289	0.31948	0.35083	0.32548	0.29381	0.29313	0.35858	0.39592
168358	0.28115	0.00000	0.22609	0.28225	0.19593	0.26076	0.22412	0.26420	0.23825	0.26223	0.25096	0.28098	0.25016	0.25652	0.33123	0.39381
155492	0.26807	0.22609	0.00000	0.29431	0.23300	0.28890	0.21290	0.26186	0.26658	0.23506	0.27582	0.28082	0.26979	0.25571	0.33502	0.38917
183298	0.34566	0.28225	0.29431	0.00000	0.27595	0.23395	0.28571	0.24645	0.27675	0.23207	0.22784	0.32291	0.29897	0.28176	0.29320	0.35017
208240	0.29981	0.19593	0.23300	0.27595	0.00000	0.26757	0.22074	0.27693	0.26104	0.27638	0.20959	0.27729	0.23962	0.24401	0.31679	0.39861
295101	0.35425	0.26076	0.28890	0.23395	0.26757	0.00000	0.27413	0.23356	0.13923	0.18923	0.23211	0.31492	0.30813	0.28656	0.27454	0.36524
250160	0.28734	0.22278	0.21290	0.28571	0.22074	0.27413	0.00000	0.19715	0.25434	0.25278	0.27168	0.27809	0.26519	0.24665	0.33059	0.39635
303155	0.33418	0.26420	0.26186	0.24696	0.27693	0.23356	0.19715	0.00000	0.25762	0.20859	0.23429	0.30691	0.31472	0.26494	0.27748	0.35207
205559	0.29289	0.23825	0.26658	0.27675	0.26104	0.13923	0.25434	0.25762	0.00000	0.23725	0.26813	0.28059	0.27343	0.25511	0.30576	0.36157
216880	0.31948	0.26223	0.23506	0.23207	0.27638	0.18923	0.25278	0.20804	0.23725	0.00000	0.21585	0.32021	0.30645	0.27644	0.29115	0.34286
191356	0.35083	0.25096	0.27582	0.22822	0.20959	0.23211	0.27168	0.23465	0.26813	0.21585	0.00000	0.31101	0.28386	0.27387	0.28003	0.37100
173550	0.32548	0.28187	0.28082	0.32291	0.27729	0.31492	0.27809	0.30647	0.28059	0.31997	0.31101	0.00000	0.28481	0.28544	0.21654	0.40241
129428	0.29381	0.25016	0.26979	0.29897	0.23962	0.30813	0.26519	0.31472	0.27343	0.30645	0.28386	0.28481	0.00000	0.26480	0.33992	0.39936
61857 	0.29313	0.25652	0.25571	0.28176	0.24434	0.28656	0.24665	0.26494	0.25511	0.27644	0.27357	0.28544	0.26480	0.00000	0.30881	0.37852
122680	0.35858	0.33123	0.33502	0.29348	0.31679	0.27515	0.33059	0.27748	0.30576	0.29115	0.28003	0.21616	0.33972	0.30881	0.00000	0.37203
164714	0.39592	0.39381	0.38903	0.35017	0.39861	0.36524	0.39635	0.35207	0.36157	0.34286	0.37100	0.40241	0.39936	0.37852	0.37203	0.00000

Tree in Newick Format:

(((51780,((((((168358,208240),155492),(250160,303155)),61857),((183298,191356),((295101,205559),216880))),129428)),(173550,122680)),164714)

